20 24 56 100 60 80 76 15 46 83 85 43 14 100 14 75 33 62 44 49
55 91 8 66 64 17 55 64 64 51 38 90 88 65 59 21 9 87 49 17
27 97 87 62 47 12 49 46 69 86 12 41 94 83 83 28 73 5 96 86
52 24 36 63 48 93 35 60 5 86 55 90 36 91 5 97 6 55 47 78
8 54 81 59 31 41 9 27 78 17 81 18 78 20 11 14 16 47 11 46
83 82 41 22 64 23 98 11 32 20 18 68 85 29 84 97 7 28 78 83
67 66 3 25 79 57 49 2 24 20 76 46 40 45 3 89 100 47 96 79
21 68 17 3 74 92 49 69 79 9 25 15 73 2 95 46 100 60 88 47
70 33 51 26 94 38 34 42 11 20 28 54 19 40 16 29 61 4 68 96
7 35 46 12 44 99 89 79 15 15 14 91 97 72 91 57 37 89 90 40
37 12 91 31 92 25 69 97 43 45 53 59 51 5 29 20 59 45 53 54
40 20 57 61 14 52 38 57 98 97 7 46 59 32 71 64 82 61 48 94
2 73 31 39 96 40 59 31 24 52 84 22 32 53 67 18 77 40 32 23
7 22 61 30 25 7 69 27 21 72 96 94 66 16 54 68 5 26 75 70
35 34 91 43 8 70 82 19 91 100 6 19 42 27 16 90 66 100 95 53
2 82 24 22 90 57 34 54 56 35 57 76 4 46 88 67 84 60 99 55
89 72 95 90 3 15 74 92 28 41 29 5 20 98 63 60 68 37 100 100
59 27 34 46 3 7 47 15 84 3 44 49 83 80 31 46 75 92 7 19
64 69 99 32 38 79 95 14 44 14 39 51 2 31 41 32 13 28 66 26
6 77 18 87 37 2 59 22 7 36 64 45 29 17 25 94 64 38 98 6
47 100 1 62 1 89 54 51 42 2 85 29 4 11 13 3 88 12 86 43
94 82 35 64 82 57 50 72 97 11 73 36 28 98 65 8 21 75 64 95
74 12 17 45 25 83 28 74 57 56 71 54 20 42 3 37 60 44 75 80
49 25 65 24 22 10 48 11 45 20 27 55 76 23 70 10 19 81 39 1
50 42 57 57 17 32 58 32 45 93 13 92 74 42 67 62 15 53 80 87
70 66 14 61 38 33 71 74 51 41 65 37 14 63 54 30 25 89 73 16
100 63 85 4 49 15 49 27 68 19 76 78 30 35 51 26 36 19 91 31
48 66 36 34 15 54 34 65 54 44 64 4 1 67 68 10 13 28 26 89
24 51 75 45 77 54 79 14 84 41 87 41 3 48 37 95 24 1 9 1
46 59 33 39 53 25 70 70 50 42 29 4 16 58 79 17 97 32 83 6
4 94 27 68 83 10 56 70 53 46 78 93 95 77 18 56 85 38 43 48
1 50 41 86 95 36 63 80 5 38 43 98 58 96 87 62 68 91 51 64
76 16 1 81 67 73 4 28 50 21 38 51 2 54 33 99 96 24 35 41
13 33 99 3 65 19 99 32 84 58 34 51 100 53 9 40 47 23 82 71
4 98 64 52 62 71 63 28 86 47 44 60 70 64 86 84 15 27 19 50
28 9 99 7 38 56 67 42 28 86 38 73 21 83 61 47 34 68 91 54
17 62 23 25 25 16 16 38 79 3 40 79 33 93 95 27 40 30 92 77
1 21 61 10 75 24 10 72 98 89 59 45 92 10 38 3 70 13 89 42
91 90 67 87 22 84 47 19 34 21 36 34 13 69 15 91 100 57 13 14
52 24 70 54 23 2 23 91 23 24 58 77 100 91 26 46 28 2 81 59
39 64 76 24 17 86 30 94 75 74 95 70 60 95 78 4 37 45 19 76
84 57 82 13 37 42 15 52 84 63 93 63 11 66 34 73 24 6 96 73
18 2 14 52 91 34 45 46 27 92 73 74 37 53 16 15 6 66 64 29
96 26 2 70 48 31 63 97 5 31 41 91 40 30 34 92 91 93 8 21
16 98 12 84 46 26 94 48 44 97 57 59 64 88 85 2 100 40 49 78
76 60 52 20 11 40 29 18 55 77 15 100 39 13 22 8 20 57 34 7
68 77 11 36 85 71 23 14 31 87 76 63 64 63 92 66 94 86 15 39
81 29 97 3 13 44 71 62 7 31 90 18 74 5 30 62 46 12 66 76
96 44 38 37 43 68 27 18 60 68 33 36 35 89 95 42 7 51 89 36
76 86 64 10 26 26 43 57 1 19 52 69 61 99 90 2 38 27 72 6
27 8 60 69 37 8 66 98 2 58 98 89 35 65 94 32 33 75 84 55
68 5 69 74 14 95 4 84 64 80 68 32 90 42 89 72 71 4 7 27
53 36 62 95 16 9 85 41 73 65 99 45 40 89 71 73 81 50 46 79
40 76 69 73 67 9 25 64 10 40 16 39 62 43 43 92 97 5 95 34
55 54 31 40 3 6 20 57 38 78 53 13 45 3 73 50 8 88 19 25
14 83 7 81 98 84 62 25 19 97 73 97 30 59 25 24 89 44 47 89
35 14 71 93 39 78 51 4 29 41 7 84 68 81 86 97 16 44 52 37
53 9 17 74 27 70 56 80 69 48 47 85 81 51 56 53 9 21 58 63
7 43 58 25 68 60 80 26 39 96 62 9 58 75 52 100 68 46 25 27
23 85 11 2 29 83 51 57 42 44 57 31 53 37 65 56 91 91 30 98
75 38 30 75 41 4 98 89 67 90 94 29 52 32 45 48 85 5 37 34
41 84 44 53 90 52 66 41 96 27 92 58 2 18 41 37 69 73 46 32
77 88 94 14 23 41 3 44 7 75 3 70 58 45 18 1 41 67 85 16
99 51 1 38 39 72 50 66 19 79 54 83 69 59 50 11 14 90 16 25
55 58 96 33 66 46 54 11 97 44 1 71 57 72 5 46 7 56 77 51
40 89 61 32 91 21 97 99 91 77 10 47 76 25 98 35 19 54 85 93
33 88 90 63 43 40 95 8 25 31 30 40 78 41 61 57 54 2 27 12
84 22 96 64 44 58 19 4 58 35 83 72 43 70 42 94 81 53 44 51
4 33 99 78 97 56 61 31 3 76 27 67 64 46 58 2 81 89 87 92
70 94 40 34 27 24 81 5 41 50 91 99 100 28 77 98 2 65 99 37
94 84 62 36 25 10 10 13 2 99 22 31 81 38 58 14 80 97 71 30
62 42 76 95 47 97 99 62 33 98 94 45 70 54 37 4 42 52 68 84
39 86 80 65 77 30 57 35 29 30 12 21 91 84 24 73 36 74 29 56
57 61 87 65 19 53 85 30 48 3 26 67 75 89 2 58 20 23 90 55
68 59 11 80 65 13 27 15 21 9 30 6 30 76 36 93 92 64 44 41
83 69 77 15 48 1 42 9 17 4 18 34 51 97 4 67 69 63 56 83
64 1 79 52 57 53 35 90 7 13 79 39 45 80 64 7 53 63 61 90
34 32 73 9 36 61 65 56 3 46 92 90 62 35 73 32 59 73 20 40
55 41 85 61 74 43 79 89 28 28 75 76 21 36 100 73 63 22 10 79
11 43 21 75 10 43 8 1 39 8 74 45 29 92 50 20 4 37 30 24
40 46 15 25 2 73 95 8 25 69 99 66 71 73 89 9 61 68 55 82
38 17 90 68 57 46 87 29 3 7 52 86 56 83 75 71 89 73 90 40
82 78 25 28 20 56 90 92 11 84 89 11 30 83 16 35 79 48 99 95
81 22 65 23 80 75 62 33 6 91 73 94 9 35 76 62 26 84 21 27
19 64 57 93 12 18 20 47 31 32 21 55 42 63 32 67 10 25 74 49
25 48 51 8 6 82 100 49 14 91 30 58 19 8 96 65 56 55 41 98
49 19 53 44 11 2 32 17 69 21 35 34 98 21 84 57 88 32 23 98
71 63 20 84 58 63 39 54 16 54 38 46 85 42 16 49 17 7 21 51
29 48 60 55 64 74 89 23 45 17 38 15 69 79 73 77 33 16 50 15
85 38 77 30 70 76 6 95 21 49 74 59 71 48 88 49 29 12 42 3
4 5 48 21 10 28 31 99 39 63 100 5 16 68 82 75 61 24 95 95
70 78 95 41 36 99 61 86 69 3 10 6 13 25 91 89 31 49 16 92
22 78 30 41 71 71 35 68 81 49 56 29 71 63 7 33 80 58 60 43
60 62 45 9 93 56 79 63 44 8 6 94 9 57 100 84 62 15 71 70
79 92 42 73 88 36 64 89 12 42 100 5 19 57 85 39 41 19 74 39
48 93 8 73 48 38 62 97 29 15 26 79 28 57 98 34 41 19 32 42
27 38 25 68 86 85 13 15 21 7 31 97 13 44 56 45 46 15 11 12
11 46 81 53 26 49 56 65 22 90 3 60 98 74 80 12 70 15 88 96
17 92 88 56 37 59 71 39 53 41 1 80 12 80 4 25 68 95 23 20
65 56 93 73 41 15 77 74 33 59 55 98 99 99 98 92 65 15 32 52
