56 100 60 80 76 46 83 85 43 100 75 62 44 49
55 91 66 64 55 64 64 51 90 88 65 59 87 49
97 87 62 47 49 46 69 86 41 94 83 83 73 96 86
52 63 48 93 60 86 55 90 91 97 55 47 78
54 81 59 41 78 81 78 47 46
83 82 41 64 98 68 85 84 97 78 83
67 66 79 57 49 76 46 45 89 100 47 96 79
68 74 92 49 69 79 73 95 46 100 60 88 47
70 51 94 42 54 61 68 96
46 44 99 89 79 91 97 72 91 57 89 90
91 92 69 97 43 45 53 59 51 59 45 53 54
57 61 52 57 98 97 46 59 71 64 82 61 48 94
73 96 59 52 84 53 67 77
61 69 72 96 94 66 54 68 75 70
91 43 70 82 91 100 42 90 66 100 95 53
82 90 57 54 56 57 76 46 88 67 84 60 99 55
89 72 95 90 74 92 41 98 63 60 68 100 100
59 46 47 84 44 49 83 80 46 75 92
64 69 99 79 95 44 51 41 66
77 87 59 64 45 94 64 98
47 100 62 89 54 51 42 85 88 86 43
94 82 64 82 57 50 72 97 73 98 65 75 64 95
74 45 83 74 57 56 71 54 42 60 44 75 80
49 65 48 45 55 76 70 81
50 42 57 57 58 45 93 92 74 42 67 62 53 80 87
70 66 61 71 74 51 41 65 63 54 89 73
100 63 85 49 49 68 76 78 51 91
48 66 54 65 54 44 64 67 68 89
51 75 45 77 54 79 84 41 87 41 48 95
46 59 53 70 70 50 42 58 79 97 83
94 68 83 56 70 53 46 78 93 95 77 56 85 43 48
50 41 86 95 63 80 43 98 58 96 87 62 68 91 51 64
76 81 67 73 50 51 54 99 96 41
99 65 99 84 58 51 100 53 47 82 71
98 64 52 62 71 63 86 47 44 60 70 64 86 84 50
99 56 67 42 86 73 83 61 47 68 91 54
62 79 79 93 95 92 77
61 75 72 98 89 59 45 92 70 89 42
91 90 67 87 84 47 69 91 100 57
52 70 54 91 58 77 100 91 46 81 59
64 76 86 94 75 74 95 70 60 95 78 45 76
84 57 82 42 52 84 63 93 63 66 73 96 73
52 91 45 46 92 73 74 53 66 64
96 70 48 63 97 41 91 92 91 93
98 84 46 94 48 44 97 57 59 64 88 85 100 49 78
76 60 52 55 77 100 57
68 77 85 71 87 76 63 64 63 92 66 94 86
81 97 44 71 62 90 74 62 46 66 76
96 44 43 68 60 68 89 95 42 51 89
76 86 64 43 57 52 69 61 99 90 72
60 69 66 98 58 98 89 65 94 75 84 55
68 69 74 95 84 64 80 68 90 42 89 72 71
53 62 95 85 41 73 65 99 45 89 71 73 81 50 46 79
76 69 73 67 64 62 43 43 92 97 95
55 54 57 78 53 45 73 50 88
83 81 98 84 62 97 73 97 59 89 44 47 89
71 93 78 51 41 84 68 81 86 97 44 52
53 74 70 56 80 69 48 47 85 81 51 56 53 58 63
43 58 68 60 80 96 62 58 75 52 100 68 46
85 83 51 57 42 44 57 53 65 56 91 91 98
75 75 41 98 89 67 90 94 52 45 48 85
41 84 44 53 90 52 66 41 96 92 58 41 69 73 46
77 88 94 41 44 75 70 58 45 41 67 85
99 51 72 50 66 79 54 83 69 59 50 90
55 58 96 66 46 54 97 44 71 57 72 46 56 77 51
89 61 91 97 99 91 77 47 76 98 54 85 93
88 90 63 43 95 78 41 61 57 54
84 96 64 44 58 58 83 72 43 70 42 94 81 53 44 51
99 78 97 56 61 76 67 64 46 58 81 89 87 92
70 94 81 41 50 91 99 100 77 98 65 99
94 84 62 99 81 58 80 97 71
62 42 76 95 47 97 99 62 98 94 45 70 54 42 52 68 84
86 80 65 77 57 91 84 73 74 56
57 61 87 65 53 85 48 67 75 89 58 90 55
68 59 80 65 76 93 92 64 44 41
83 69 77 48 42 51 97 67 69 63 56 83
64 79 52 57 53 90 79 45 80 64 53 63 61 90
73 61 65 56 46 92 90 62 73 59 73
55 41 85 61 74 43 79 89 75 76 100 73 63 79
43 75 43 74 45 92 50
46 73 95 69 99 66 71 73 89 61 68 55 82
90 68 57 46 87 52 86 56 83 75 71 89 73 90
82 78 56 90 92 84 89 83 79 48 99 95
81 65 80 75 62 91 73 94 76 62 84
64 57 93 47 55 42 63 67 74 49
48 51 82 100 49 91 58 96 65 56 55 41 98
49 53 44 69 98 84 57 88 98
71 63 84 58 63 54 54 46 85 42 49 51
48 60 55 64 74 89 45 69 79 73 77 50
85 77 70 76 95 49 74 59 71 48 88 49 42
48 99 63 100 68 82 75 61 95 95
70 78 95 41 99 61 86 69 91 89 49 92
78 41 71 71 68 81 49 56 71 63 80 58 60 43
60 62 45 93 56 79 63 44 94 57 100 84 62 71 70
79 92 42 73 88 64 89 42 100 57 85 41 74
48 93 73 48 62 97 79 57 98 41 42
68 86 85 97 44 56 45 46
46 81 53 49 56 65 90 60 98 74 80 70 88 96
92 88 56 59 71 53 41 80 80 68 95
65 56 93 73 41 77 74 59 55 98 99 99 98 92 65 52
